I(3.92451400000000E-7) = 19004807502.5704
I(1.96225700000000E-7) = 19005179750.6679
Extrapolacao de Richards: 19005303833.3671
