Aproximacao polinomial de grau 2
f(x) = 1849822621*x**5/119067456768 - 1179874327931*x**4/7632529280 + 366285274800407069*x**3/595337283840 - 30371495440843570243*x**2/24805720160 + 181319384762645981778809*x/148834320960 - 1202759051185307894736155/2480572016
intervalo: [1980.0, 2000.0]

f(x) = 447063077626.458 + (-449312932.950929x^1) + (112892.577812673x^2)

a0 = 447063077626.458
a1 = -449312932.950929
a2 = 112892.577812673
