Aproximacao polinomial de grau 2
f(x) = -401*x**6/1125000000000000000000 + 46411*x**5/9750000000000000000 - 58127*x**4/2340000000000000 + 1832029*x**3/28600000000000 - 54393583*x**2/643500000000 + 24991331*x/429000000 - 2371/200
intervalo: [500.0, 4000.0]

f(x) = 1.11331790662684 + (0.00397429749417715x^1) + (4.24916666665526E-7x^2)

a0 = 1.11331790662684
a1 = 0.00397429749417715
a2 = 4.24916666665526E-7
