Aproximacao polinomial de grau 2
f(x) = -25000*x**8/63 + 1866250*x**7/1071 - 108625*x**6/34 + 1941985*x**5/612 - 251865*x**4/136 + 20495413*x**3/31824 - 143135747*x**2/1113840 + 84969284*x/6381375 + 43/500
intervalo: [0.1, 1.0]

f(x) = 0.664767938451008 + (-0.272170667961068x^1) + (0.587292568530152x^2)

a0 = 0.664767938451008
a1 = -0.272170667961068
a2 = 0.587292568530152
