Aproximacao polinomial de grau 3
f(x) = -401*x**6/1125000000000000000000 + 46411*x**5/9750000000000000000 - 58127*x**4/2340000000000000 + 1832029*x**3/28600000000000 - 54393583*x**2/643500000000 + 24991331*x/429000000 - 2371/200
intervalo: [500.0, 4000.0]

f(x) = 0.440879095181936 + (0.00521144590179709x^1) + (-2.00607809097505E-7x^2) + (9.26702927056490E-11x^3)

a0 = 0.440879095181936
a1 = 0.00521144590179709
a2 = -2.00607809097505E-7
a3 = 9.26702927056490E-11
