f(x) = -709699.533255543 + 362.485414235706x
a0 = -709699.533255543 | a1 = 362.485414235706
r^2 = 0.938071425627474
r = 0.968540874525941
S(x/y) = 651.762711758461