f(x) = 3.44905242339958E-278x^84.9372366026910
a = 3.44905242339958E-278 | b = 84.9372366026910
r^2 = 0.981313559166202
r = 0.990612719061391
S(x/y) = 0.0390473217158916